0 1
0 2
0 4
0 18
0 43
0 137
0 183
0 192
0 263
0 312
0 350
0 399
0 528
0 1111
0 1202
0 1422
0 1614
0 1623
0 1694
1 3
1 5
1 8
1 11
1 24
1 39
1 57
1 59
1 62
1 69
1 79
1 85
1 105
1 114
1 115
1 126
1 136
1 201
1 230
1 245
1 269
1 279
1 292
1 294
1 309
1 323
1 333
1 337
1 343
1 345
1 369
1 383
1 391
1 413
1 427
1 431
1 532
1 535
1 539
1 585
1 743
1 799
1 875
1 948
1 1049
1 1177
1 1224
1 1234
1 1302
1 1313
1 1505
1 1658
1 1693
1 1750
2 12
2 973
3 14
3 19
3 28
3 42
3 54
3 61
3 80
3 87
3 92
3 95
3 96
3 142
3 161
3 168
3 170
3 171
3 209
3 255
3 303
3 305
3 318
3 326
3 349
3 355
3 356
3 367
3 371
3 430
3 448
3 456
3 459
3 475
3 497
3 647
3 655
3 663
3 680
3 702
3 708
3 747
3 782
3 826
3 851
3 861
3 892
3 966
3 1005
3 1013
3 1032
3 1113
3 1182
3 1293
3 1320
3 1374
3 1456
3 1527
3 1583
3 1599
3 1743
4 9
4 97
4 275
4 441
4 446
4 822
4 980
4 993
4 1262
4 1426
5 6
5 7
5 10
5 15
5 17
5 20
5 22
5 40
5 49
5 50
5 53
5 63
5 67
5 71
5 81
5 83
5 94
5 111
5 132
5 190
5 193
5 216
5 283
5 306
5 316
5 334
5 419
5 443
5 527
5 681
5 740
5 754
5 764
5 772
5 781
5 786
5 787
5 793
5 808
5 853
5 880
5 925
5 935
5 954
5 970
5 1047
5 1086
5 1105
5 1149
5 1200
5 1225
5 1232
5 1257
5 1317
5 1365
5 1407
5 1705
5 1706
5 1761
6 66
6 153
6 1163
6 1487
7 176
7 354
7 370
7 1038
7 1133
7 1602
8 29
8 32
8 160
8 178
8 652
8 825
8 910
8 952
8 1243
8 1261
8 1342
8 1578
8 1780
9 16
9 31
9 37
9 182
9 225
9 242
9 267
9 284
9 287
9 378
9 531
9 543
9 560
9 590
9 598
9 631
9 730
9 794
9 869
9 1181
9 1279
9 1286
9 1337
9 1427
9 1638
10 127
10 128
10 233
10 308
10 714
10 739
10 878
10 1138
10 1363
10 1393
10 1517
10 1807
12 13
12 21
12 23
12 44
12 51
12 70
12 74
12 112
12 219
12 437
12 611
12 619
12 1018
12 1189
12 1383
12 1429
12 1462
12 1651
12 1712
13 38
13 45
13 56
13 90
13 102
13 159
13 249
13 300
13 408
13 498
13 767
13 889
13 900
13 1077
13 1129
13 1220
13 1348
13 1370
13 1439
13 1477
13 1482
13 1581
13 1593
13 1608
13 1631
13 1805
14 202
14 313
14 373
14 831
14 867
14 1040
14 1117
14 1460
15 41
15 148
15 185
15 248
15 362
15 363
15 564
15 591
15 858
15 860
15 1806
16 301
16 899
16 1201
16 1812
17 1625
18 27
18 34
18 36
18 88
18 152
18 259
18 447
18 612
18 1233
18 1277
18 1345
18 1515
19 33
19 505
19 814
19 1128
20 130
20 174
20 392
20 411
20 483
20 693
20 759
20 1774
21 72
21 184
21 189
21 204
21 322
21 382
21 515
21 573
21 933
21 1222
21 1352
21 1575
21 1620
21 1782
21 1784
22 46
22 65
22 173
23 35
23 68
23 264
23 276
23 365
23 495
23 518
23 642
23 741
23 1016
23 1783
23 1808
24 25
24 26
24 52
24 60
24 77
24 131
24 143
24 220
24 286
24 289
24 347
24 477
24 565
24 649
24 815
24 844
24 1069
24 1132
24 1165
24 1185
24 1250
24 1289
24 1358
24 1464
24 1545
24 1587
24 1845
24 1875
25 1360
26 454
27 89
27 113
27 434
27 691
27 1001
27 1127
27 1622
27 1674
28 91
28 109
28 1029
28 1386
28 1400
28 1594
29 30
29 124
29 134
29 191
29 258
29 273
29 440
29 664
29 696
29 713
29 785
29 917
29 987
29 1110
29 1114
29 1597
30 48
30 149
30 684
31 703
31 998
31 1050
31 1769
32 172
33 47
33 64
33 226
33 433
33 478
33 962
33 1357
33 1416
33 1655
36 76
36 117
36 133
36 199
36 290
36 341
36 366
36 409
36 420
36 462
36 465
36 677
36 758
36 817
36 870
36 879
36 1048
36 1140
36 1428
38 55
38 212
38 534
38 685
39 254
39 319
39 516
39 640
39 832
39 893
40 84
40 260
40 570
40 757
40 1760
41 121
41 221
41 238
41 415
41 674
41 722
41 1066
41 1192
41 1330
41 1756
42 93
43 620
43 726
44 569
44 1372
44 1523
45 86
45 162
45 634
45 1211
45 1633
45 1698
46 75
46 98
46 324
46 479
46 544
46 658
46 989
47 73
47 82
47 100
47 157
47 198
47 540
47 632
47 778
47 1404
47 1727
47 1811
48 285
48 1039
48 1058
49 58
49 107
49 177
49 250
49 325
49 348
49 351
49 490
49 724
49 930
49 997
49 1068
49 1347
49 1870
50 271
50 593
51 108
51 123
51 158
51 186
51 187
51 251
51 457
51 594
51 643
51 718
51 914
51 1226
51 1331
51 1502
51 1535
51 1689
52 360
52 662
52 1061
52 1540
54 125
54 645
57 843
58 745
58 921
58 979
58 1072
59 120
59 154
59 155
59 180
59 215
59 240
59 523
59 579
59 1413
59 1457
59 1584
59 1801
60 855
62 1600
63 205
63 488
63 503
63 961
63 967
63 1197
63 1248
64 78
64 101
64 175
64 429
64 458
64 601
64 769
64 940
64 1169
64 1764
65 222
65 444
65 509
65 586
65 673
65 1436
66 1741
68 1394
69 167
69 231
70 217
71 106
71 687
71 1024
71 1546
72 683
72 761
72 904
77 842
78 195
78 493
78 559
79 261
79 282
81 1718
82 464
82 1401
82 1821
84 138
84 299
84 526
84 717
85 359
85 774
85 971
85 1399
86 727
86 1088
87 147
87 165
87 272
87 357
87 659
87 1092
87 1153
87 1269
87 1433
87 1682
88 116
88 208
88 1204
88 1596
89 141
89 145
89 196
89 1164
90 99
90 311
90 346
91 103
91 110
91 203
91 315
91 637
91 670
91 883
91 950
91 1044
92 188
92 422
92 451
92 541
92 694
92 783
92 1274
92 1329
92 1647
93 119
93 330
93 389
93 393
93 449
93 604
93 852
93 1660
94 439
96 770
98 104
98 257
98 450
98 856
98 1115
98 1405
98 1742
99 163
99 207
99 227
99 307
99 978
99 1006
99 1470
99 1641
100 1676
101 1074
102 529
102 1196
103 122
103 228
103 766
103 956
103 1067
104 140
104 146
104 229
104 482
104 686
104 876
104 911
104 1033
104 1134
104 1586
104 1710
104 1825
105 1205
105 1843
106 150
106 407
106 485
106 765
106 836
106 1297
106 1354
106 1568
106 1731
108 1186
109 144
109 957
109 992
109 1839
110 118
110 200
110 623
110 839
110 1055
110 1402
111 247
111 491
112 135
112 317
112 377
112 1175
114 139
114 1379
114 1475
114 1665
114 1877
115 181
115 384
115 1093
116 1697
117 179
117 1147
118 395
119 164
119 241
119 646
119 941
119 1178
119 1809
120 412
120 468
120 584
120 725
120 1025
120 1245
120 1273
120 1554
120 1603
120 1803
120 1831
121 156
121 166
121 293
121 553
121 1188
121 1315
121 1721
122 291
122 296
122 310
122 1106
122 1552
122 1822
122 1830
123 246
123 474
123 1432
125 521
126 129
126 151
126 243
126 344
127 213
127 630
127 735
127 922
127 1174
127 1183
127 1271
127 1810
129 1579
132 913
133 214
133 742
133 874
133 1369
133 1458
133 1504
135 218
135 262
137 223
137 500
137 1135
137 1290
138 1351
139 780
142 278
142 804
142 850
143 244
143 452
143 574
143 1254
143 1380
144 762
146 197
146 239
146 256
146 423
146 496
146 679
146 963
146 1080
146 1282
147 169
147 607
147 660
147 1853
148 432
148 463
148 592
148 1076
148 1172
151 1495
152 428
152 577
152 1063
152 1270
152 1817
153 1065
154 700
154 807
154 1116
155 224
155 1238
155 1798
156 321
157 232
157 234
157 281
157 410
157 492
157 1060
157 1118
157 1431
157 1451
157 1851
158 210
158 1534
159 270
160 1538
161 194
161 206
161 388
161 396
161 418
161 536
161 589
161 805
161 1030
161 1083
161 1473
161 1772
162 328
162 466
162 578
163 235
163 960
163 1012
163 1387
164 1384
165 1382
166 1240
167 1368
168 657
168 928
168 1244
168 1246
168 1715
169 417
169 511
170 1564
171 1525
171 1835
172 338
172 421
172 721
172 934
172 1711
172 1737
173 327
173 939
173 1091
174 614
174 903
174 1219
177 288
177 1424
177 1499
178 519
179 595
180 472
180 608
184 211
184 435
184 733
184 810
187 1241
188 236
188 416
188 707
188 824
188 1291
188 1563
188 1700
188 1869
189 1423
190 394
191 567
192 731
193 471
193 1415
194 1350
195 599
195 845
195 1152
195 1364
195 1834
197 460
200 508
200 1062
200 1151
200 1395
200 1493
200 1508
200 1512
202 237
202 302
204 1136
204 1143
206 616
207 760
208 504
208 1590
209 339
210 353
210 697
210 865
210 1146
210 1179
211 424
212 390
212 628
212 891
212 1338
213 331
213 513
213 644
213 779
213 829
213 995
213 1227
215 638
215 1099
216 268
216 304
216 455
216 596
216 975
216 1000
216 1037
216 1109
216 1239
217 1287
218 1425
219 639
222 252
222 266
222 605
222 944
222 972
222 1373
222 1680
222 1747
222 1819
223 358
223 517
223 522
223 756
223 812
223 820
223 1346
225 335
225 342
225 711
225 1309
226 924
227 404
227 1388
227 1418
227 1570
227 1717
228 1081
229 295
229 494
229 537
229 576
229 932
229 1730
230 280
230 352
230 368
230 545
230 871
230 994
230 1158
230 1679
231 746
232 1014
233 1604
234 587
234 1403
235 690
236 617
237 1872
238 253
238 277
238 400
238 551
238 667
238 1549
238 1685
239 729
239 1130
239 1210
242 549
242 1112
244 401
245 1677
248 1160
248 1494
249 397
250 834
250 1640
253 467
253 561
253 675
253 705
253 798
253 890
253 896
253 1228
253 1454
253 1537
253 1735
254 848
255 320
255 1253
255 1530
256 314
257 1529
258 297
258 791
258 1332
258 1479
258 1652
258 1681
258 1690
259 426
259 984
261 265
261 473
261 827
261 964
261 1082
263 580
263 1591
265 274
265 895
265 1319
265 1857
266 1565
267 1341
267 1486
268 1036
269 1124
269 1259
270 1292
270 1768
271 1672
272 381
273 403
273 797
273 854
273 985
273 1119
273 1859
274 361
274 402
274 1043
274 1419
276 1215
277 627
278 1734
279 436
279 453
279 1411
280 926
280 1007
280 1497
282 626
283 476
283 750
285 582
285 1321
287 514
287 701
287 795
287 847
288 380
288 668
288 837
289 885
289 1704
291 581
292 1558
292 1755
293 379
293 386
293 689
293 919
293 1101
293 1361
293 1555
294 340
294 487
294 1785
296 469
296 512
296 555
296 1230
296 1471
296 1492
296 1560
296 1573
296 1775
296 1802
297 298
297 442
297 530
297 809
297 1434
297 1846
298 332
301 364
302 669
302 715
302 951
302 1733
303 405
303 918
303 1294
303 1572
304 425
305 923
309 470
309 568
310 387
310 1598
314 937
314 1378
317 796
317 1148
323 905
323 1765
326 1371
327 336
327 629
327 868
327 908
327 1097
327 1194
327 1438
327 1585
327 1820
327 1862
328 329
328 672
329 1168
331 1667
332 597
333 840
333 1089
333 1121
336 375
336 625
336 650
336 821
342 374
342 414
342 486
342 524
342 546
342 1195
344 1344
347 385
347 563
347 1501
351 1483
355 953
356 1162
357 398
360 372
360 376
360 558
360 600
360 803
360 1054
360 1214
360 1265
360 1548
360 1627
360 1841
361 682
361 1410
363 784
363 1123
364 1325
365 610
369 828
371 695
371 1311
372 872
374 947
374 1776
376 666
376 678
376 710
376 813
376 1514
376 1723
377 901
378 406
378 542
378 1249
378 1580
381 588
381 651
381 881
381 1459
381 1713
382 552
382 788
382 1035
382 1435
382 1675
382 1814
384 510
384 1521
385 583
385 999
385 1090
385 1446
386 484
386 548
386 641
386 982
386 1011
386 1272
386 1559
386 1615
387 445
387 489
388 635
388 859
388 959
389 1740
390 806
392 1624
395 753
395 1485
396 716
398 887
399 857
399 1125
399 1618
399 1745
400 502
400 898
400 1166
400 1447
401 1444
402 1726
402 1787
402 1864
405 438
406 1376
408 1353
409 818
411 801
411 1635
411 1766
412 698
413 533
413 622
413 1167
413 1791
418 1004
420 1719
421 873
421 884
422 1323
424 661
424 1836
425 501
425 886
425 1071
426 547
426 562
431 771
432 1498
435 688
435 981
435 1518
436 609
436 1557
437 507
437 862
437 965
437 1725
437 1767
438 461
438 1306
440 776
440 990
443 835
443 897
445 709
445 1139
445 1408
447 633
448 571
448 1389
448 1816
450 621
450 755
450 991
450 1308
450 1349
451 499
451 665
451 1305
451 1571
454 480
454 1154
455 1242
456 1027
457 481
457 566
457 602
457 833
457 938
457 1343
458 1744
459 1299
460 748
460 1543
460 1858
465 1161
466 525
466 556
466 1878
468 1098
469 789
469 949
469 1556
470 1103
472 976
473 912
474 615
477 624
477 846
481 550
481 575
481 1180
481 1657
482 506
482 1145
484 1687
485 823
486 557
486 1019
490 1786
491 974
493 671
494 1326
496 1336
498 1466
499 768
499 775
499 1335
500 656
500 1334
500 1481
504 1303
504 1468
505 648
505 1212
505 1708
510 554
510 606
510 636
510 654
510 1021
510 1120
510 1256
510 1484
510 1642
510 1773
513 942
513 1059
513 1155
515 520
516 763
516 882
516 909
516 988
516 1340
516 1636
516 1650
522 1307
524 1359
525 719
525 1611
526 653
526 1207
528 1276
529 1513
529 1528
532 538
533 1648
535 1702
536 1522
536 1792
538 1692
539 749
539 1296
540 613
540 1684
542 603
542 986
543 1553
544 1683
548 958
551 572
551 618
552 866
555 802
555 1605
557 692
557 838
557 1696
557 1874
558 704
559 1260
565 902
566 830
570 1057
573 936
573 1284
576 676
576 751
576 1318
576 1844
577 1420
580 720
580 877
580 1452
582 1491
583 906
588 1412
591 712
591 1832
595 1170
596 1046
596 1203
600 738
600 1443
601 1797
602 1015
604 744
605 1108
607 792
608 916
609 968
610 1653
612 927
612 1028
612 1157
614 1023
619 1509
622 1532
623 1751
626 1398
627 1328
627 1544
628 1385
629 1397
632 1613
633 1235
638 734
640 1739
646 1595
649 1283
649 1722
653 1448
657 1223
657 1421
658 1199
659 752
659 816
659 841
660 732
660 1144
660 1159
660 1856
661 1051
663 728
663 1190
663 1472
664 929
664 1478
664 1749
668 1193
669 1095
672 1467
673 706
674 819
677 1209
677 1763
678 737
678 1034
678 1574
681 1009
681 1052
681 1829
683 1728
685 736
685 1263
688 790
691 699
694 773
697 723
697 1445
703 1569
704 1281
705 1191
711 1221
711 1469
713 800
713 1075
713 1632
713 1871
715 1823
718 777
720 864
720 907
720 931
720 1020
720 1278
720 1367
720 1524
724 1085
724 1100
724 1461
724 1566
729 1490
729 1866
730 1669
731 1612
734 1562
737 1096
738 1268
741 1070
744 1010
748 1753
749 1463
749 1790
751 1437
754 943
759 1396
759 1628
760 849
760 1042
760 1084
760 1788
762 1503
763 1430
767 1366
767 1673
767 1873
768 888
768 1218
770 945
771 1577
773 863
773 1288
773 1778
777 1045
777 1799
778 1392
779 1746
780 1079
780 1298
783 1609
785 1748
786 946
790 920
792 1663
794 1031
794 1547
796 1455
797 1094
798 915
802 811
805 1141
815 1377
821 1550
822 1646
824 1738
824 1758
830 1237
830 1691
832 894
832 1390
832 1567
835 969
836 977
837 1064
841 1815
844 1236
845 1695
848 955
848 1102
852 1542
853 1339
853 1526
854 1137
856 1664
857 1208
857 1441
857 1659
860 1533
862 983
862 1003
862 1626
862 1804
863 1171
865 1826
867 1449
875 1629
877 1131
889 1703
890 1828
892 1450
895 1465
896 1417
901 1414
902 1026
902 1541
903 1041
903 1285
913 1852
914 1391
918 1217
919 1736
920 1126
923 1668
924 1551
925 1252
928 1008
928 1122
936 1327
938 1002
938 1876
942 1500
946 1255
949 1322
953 1187
957 1156
957 1275
957 1707
958 1496
965 1206
965 1621
969 1795
970 1017
973 1107
973 1863
980 1198
981 1056
981 1267
982 1022
988 996
988 1073
990 1087
991 1053
991 1850
995 1842
997 1837
1009 1184
1013 1453
1015 1176
1023 1314
1029 1375
1034 1104
1034 1489
1036 1247
1039 1759
1049 1362
1051 1231
1053 1295
1056 1150
1058 1078
1059 1678
1061 1488
1064 1507
1075 1709
1081 1251
1084 1670
1087 1582
1091 1258
1091 1699
1092 1607
1094 1266
1097 1213
1097 1406
1097 1476
1101 1173
1115 1229
1115 1588
1126 1666
1131 1142
1134 1867
1136 1409
1138 1264
1141 1531
1142 1536
1142 1865
1149 1216
1157 1634
1162 1576
1164 1643
1175 1506
1176 1606
1183 1324
1187 1630
1189 1312
1189 1794
1191 1304
1195 1848
1206 1310
1208 1688
1213 1701
1225 1716
1232 1474
1238 1440
1244 1510
1250 1301
1250 1589
1251 1813
1253 1300
1255 1316
1260 1442
1262 1649
1265 1720
1267 1519
1272 1280
1280 1355
1286 1714
1288 1824
1302 1561
1306 1356
1306 1818
1311 1480
1315 1333
1324 1381
1345 1619
1353 1645
1362 1833
1367 1732
1379 1757
1383 1654
1385 1639
1389 1539
1399 1860
1405 1827
1409 1770
1409 1838
1412 1511
1413 1656
1423 1520
1436 1880
1438 1610
1438 1777
1452 1644
1457 1754
1465 1793
1466 1661
1477 1789
1485 1840
1506 1617
1507 1516
1510 1724
1518 1771
1524 1601
1525 1847
1528 1881
1537 1729
1538 1592
1547 1686
1562 1616
1567 1662
1578 1861
1578 1879
1609 1671
1610 1762
1610 1868
1620 1854
1635 1637
1645 1781
1664 1779
1670 1855
1694 1752
1695 1800
1790 1796
1833 1849
