1877 1878
1877 1879
1878 1880
1880 1881
1875 1876
1873 1874
1871 1872
1869 1870
1867 1868
1865 1866
1863 1864
1861 1862
1859 1860
1857 1858
1855 1856
1853 1854
1851 1852
1849 1850
1847 1848
1845 1846
1843 1844
1841 1842
1839 1840
1837 1838
1835 1836
1833 1834
1831 1832
1829 1830
1827 1828
1825 1826
1823 1824
1821 1822
1819 1820
1817 1818
1815 1816
1813 1814
1811 1812
1809 1810
1807 1808
1805 1806
1803 1804
1801 1802
1799 1800
1797 1798
1795 1796
1793 1794
1791 1792
1789 1790
1787 1788
1785 1786
1783 1784
1781 1782
1779 1780
1777 1778
1775 1776
1773 1774
1771 1772
1769 1770
1767 1768
1765 1766
1763 1764
1761 1762
1759 1760
1757 1758
1755 1756
1753 1754
1751 1752
1749 1750
1747 1748
1745 1746
1743 1744
1741 1742
1739 1740
1737 1738
1735 1736
1733 1734
1731 1732
1729 1730
1727 1728
1725 1726
1723 1724
1721 1722
1719 1720
1717 1718
1715 1716
1713 1714
1711 1712
1709 1710
1707 1708
1705 1706
1703 1704
1701 1702
1699 1700
1697 1698
1695 1696
1693 1694
1691 1692
1689 1690
1687 1688
1685 1686
1683 1684
1681 1682
1679 1680
1677 1678
1675 1676
1673 1674
1671 1672
1669 1670
1667 1668
1665 1666
1663 1664
1661 1662
1659 1660
1657 1658
1655 1656
1653 1654
1651 1652
1649 1650
1647 1648
1645 1646
1643 1644
1641 1642
1639 1640
1637 1638
1635 1636
1633 1634
1631 1632
1629 1630
1627 1628
1625 1626
1623 1624
1621 1622
1619 1620
1617 1618
1615 1616
1613 1614
1611 1612
1609 1610
1607 1608
1605 1606
1603 1604
1601 1602
1599 1600
1597 1598
1595 1596
1593 1594
1591 1592
1589 1590
1587 1588
1585 1586
1583 1584
1581 1582
1579 1580
1577 1578
1575 1576
1573 1574
1571 1572
1569 1570
1567 1568
1565 1566
1563 1564
1561 1562
1559 1560
1557 1558
1555 1556
1553 1554
1551 1552
1523 1526
1523 1531
1523 1525
1523 1528
1524 1527
1524 1535
1524 1529
1525 1532
1525 1534
1525 1535
1525 1536
1525 1549
1525 1537
1526 1547
1526 1548
1527 1539
1527 1540
1528 1550
1528 1541
1529 1544
1530 1538
1530 1543
1533 1546
1533 1537
1534 1538
1536 1545
1541 1542
1507 1509
1507 1515
1507 1519
1508 1511
1509 1514
1510 1516
1510 1518
1510 1519
1511 1513
1511 1517
1511 1520
1511 1522
1511 1514
1512 1513
1521 1522
1419 1422
1419 1428
1419 1463
1419 1473
1419 1491
1419 1498
1419 1439
1420 1438
1420 1455
1420 1459
1420 1494
1420 1499
1420 1464
1420 1497
1420 1422
1420 1488
1421 1430
1422 1423
1422 1424
1422 1457
1422 1440
1423 1487
1425 1467
1425 1475
1425 1489
1425 1493
1425 1431
1426 1454
1426 1462
1426 1480
1426 1435
1427 1432
1427 1497
1427 1433
1428 1442
1428 1448
1428 1462
1428 1460
1429 1440
1429 1469
1429 1470
1429 1434
1430 1449
1430 1478
1431 1437
1431 1453
1431 1474
1431 1479
1433 1447
1433 1451
1433 1443
1434 1452
1435 1441
1435 1490
1436 1441
1437 1450
1439 1496
1440 1468
1440 1476
1441 1501
1442 1472
1442 1486
1442 1466
1443 1482
1444 1479
1445 1458
1445 1481
1445 1484
1446 1504
1446 1466
1448 1500
1449 1477
1452 1503
1455 1465
1456 1457
1460 1495
1460 1506
1461 1464
1467 1471
1467 1502
1471 1477
1478 1485
1478 1492
1481 1500
1483 1501
1484 1505
1488 1502
0 40
0 95
0 157
0 267
0 374
0 480
0 518
0 565
0 580
0 610
0 641
0 820
0 887
0 922
0 1117
0 1132
0 1281
0 314
0 439
0 425
1 4
1 23
1 74
1 75
1 102
1 222
1 284
1 341
1 356
1 382
1 571
1 618
1 756
1 778
1 804
1 880
1 885
1 940
1 1155
1 1225
1 1273
1 1313
1 1371
1 288
1 411
1 1410
1 347
2 239
2 442
2 799
2 912
2 1362
2 1244
3 67
3 97
3 98
3 101
3 127
3 136
3 170
3 173
3 250
3 272
3 282
3 345
3 534
3 627
3 670
3 706
3 725
3 902
3 944
3 992
3 1255
3 1396
3 1417
3 738
3 19
3 520
4 263
4 271
4 430
4 513
4 1214
4 1336
4 594
4 833
5 6
5 13
5 16
5 21
5 53
5 55
5 94
5 117
5 231
5 300
5 445
5 523
5 634
5 697
5 800
5 26
6 10
6 53
6 134
6 187
6 210
6 309
6 320
6 348
6 399
6 757
6 797
6 817
6 844
6 1038
6 1298
6 455
6 581
7 9
7 97
7 167
7 235
7 245
7 275
7 333
7 401
7 489
7 612
7 891
7 913
7 926
7 966
7 1136
7 1138
7 1210
7 1335
7 602
7 195
7 392
7 178
7 313
8 67
8 227
8 268
8 330
8 370
8 406
8 451
8 483
8 551
8 599
8 664
8 767
8 31
9 63
10 15
10 23
10 52
10 81
10 103
10 119
10 147
10 259
10 343
10 346
10 368
10 378
10 577
10 740
10 775
10 811
10 817
10 1068
10 1087
10 1120
10 1253
10 352
10 1282
10 1301
10 339
11 14
11 88
11 132
11 293
11 305
11 432
11 559
11 562
11 585
11 861
11 1086
11 1232
11 1358
11 667
12 126
12 688
12 1110
13 176
14 180
14 256
14 422
14 609
14 659
15 134
15 206
15 670
15 729
15 766
15 878
15 935
15 953
15 1089
15 1374
15 1325
16 155
16 216
16 304
16 649
16 721
16 1104
16 1158
16 1270
16 1198
17 240
17 515
17 744
17 775
17 999
17 1395
17 254
17 417
18 109
18 208
18 236
18 332
18 535
18 606
18 631
18 700
18 793
18 963
19 20
19 517
19 676
19 881
19 1041
19 1200
19 1275
19 80
20 24
20 70
20 203
20 387
20 703
20 849
20 1061
20 1173
20 1337
20 1381
20 1405
20 467
21 1169
22 243
22 858
22 890
22 1415
22 1417
23 413
23 572
23 636
23 1334
23 342
24 877
25 247
25 407
25 461
25 464
25 718
25 1006
25 1174
25 1390
25 312
26 355
26 540
26 680
26 1045
26 1053
26 1345
27 801
27 417
28 605
29 61
29 123
29 302
30 211
30 261
30 322
30 325
30 397
30 450
30 477
30 485
30 645
30 679
30 699
30 909
30 930
30 1167
30 1342
30 1354
30 1414
30 644
30 137
30 344
31 116
31 507
32 238
32 530
32 1296
32 457
32 107
33 39
33 196
33 238
33 324
33 412
33 582
33 853
33 921
33 1145
33 1166
33 749
33 550
34 1402
34 658
34 1381
35 601
35 821
35 1163
35 1304
35 383
35 57
36 366
36 393
36 502
36 826
36 1397
36 1351
36 47
36 920
36 120
37 46
37 73
37 149
37 319
37 427
37 516
37 553
37 673
37 889
37 1226
37 337
37 716
37 111
38 103
38 109
38 363
38 447
38 915
38 1123
38 1031
39 113
39 248
39 301
39 465
39 724
39 747
39 62
40 79
40 1039
41 528
41 750
42 289
42 353
42 368
42 490
42 815
42 596
43 865
43 952
43 1012
43 1203
44 87
44 177
44 208
44 237
44 252
44 280
44 907
44 1347
44 179
44 600
44 470
44 215
44 48
45 233
45 248
45 871
45 954
45 995
45 1058
45 1327
46 99
47 1156
47 1204
48 294
48 471
48 604
48 1278
48 487
49 409
49 951
49 1244
49 1264
50 266
50 964
50 1203
51 143
51 646
51 969
51 998
53 57
53 71
53 76
53 544
53 792
53 845
53 1144
53 1352
53 1384
53 190
53 66
54 59
54 138
54 181
54 193
54 121
55 568
56 61
56 416
56 942
56 1211
56 335
57 125
57 154
57 164
58 124
58 185
58 186
58 446
58 751
58 1214
58 1277
58 1322
59 677
59 823
60 524
60 547
60 887
61 916
61 1372
62 189
62 410
62 1303
62 1340
62 720
63 281
63 963
63 1001
63 141
64 343
64 621
64 1137
64 819
65 104
65 398
65 676
65 755
65 965
65 1353
65 307
65 416
66 925
66 1394
67 340
67 354
67 364
67 379
67 453
67 454
67 504
67 662
67 1050
67 1392
67 570
67 1096
67 172
68 278
68 327
69 288
70 194
70 529
70 629
70 657
70 883
70 905
70 968
71 1265
71 1399
72 93
72 143
72 165
72 574
72 654
72 798
72 1140
72 1245
74 1186
75 863
75 996
75 476
76 85
76 518
76 956
76 1331
76 1223
77 503
77 640
77 862
77 1290
78 83
79 206
80 218
80 840
81 698
82 307
82 791
83 310
83 1269
83 161
84 105
86 259
86 613
86 683
86 901
86 1196
86 1213
86 474
87 1072
87 1084
89 180
89 283
89 592
89 977
89 160
90 293
90 966
90 365
91 207
91 329
91 710
91 967
92 183
92 1349
92 1410
94 100
94 171
94 246
94 562
94 611
94 1113
94 1362
94 975
96 620
96 646
97 981
97 1037
97 1165
97 1266
97 1307
99 473
99 1088
100 148
101 214
101 396
101 603
102 705
102 831
102 1338
102 589
104 563
104 303
105 323
105 764
105 842
105 896
105 1034
105 448
105 1274
105 386
106 384
106 456
106 648
106 1055
106 1193
106 1406
107 429
107 541
108 197
108 548
108 549
108 1206
108 1288
108 1299
108 1408
108 351
109 158
109 1416
110 114
110 130
110 196
110 394
110 402
110 733
110 983
110 1071
110 140
111 1350
112 173
112 249
112 270
112 1379
113 1036
113 1290
114 714
115 150
115 1341
116 595
116 1171
118 334
119 986
120 193
120 201
120 434
120 468
120 586
120 619
120 1152
120 1218
120 1328
120 707
121 806
122 692
122 825
122 833
123 408
124 381
124 684
124 1284
125 1222
125 1256
126 813
126 943
126 282
127 437
127 864
127 892
127 950
127 1106
128 869
129 425
130 237
130 299
130 1044
130 1413
130 420
131 157
131 637
131 719
132 472
132 1157
133 184
133 765
134 1097
135 348
135 538
135 938
136 211
136 991
136 1122
136 1297
136 1311
136 689
137 152
137 175
137 188
138 204
138 225
138 458
138 491
138 939
138 1124
138 1179
138 1247
138 1308
139 263
139 557
139 608
139 1188
139 906
140 1042
141 166
141 493
141 1259
141 1043
142 604
142 962
142 900
142 315
143 1267
144 882
144 443
145 233
145 359
145 879
145 1323
145 1252
146 244
151 313
151 722
152 874
153 615
153 647
153 1143
153 1140
156 1301
157 360
159 209
159 997
159 1054
159 1341
160 435
160 1199
161 1172
162 205
162 224
162 395
162 587
162 976
162 1067
162 1220
162 1386
162 197
163 388
163 426
163 459
163 1085
165 488
165 1192
168 171
168 278
168 362
168 585
168 1168
168 421
169 207
169 279
169 903
169 911
171 251
171 743
171 1095
171 1205
171 241
172 702
172 970
173 274
173 463
173 1318
174 460
174 745
175 373
175 898
178 234
178 1366
178 675
179 296
180 295
180 494
180 980
181 285
181 730
181 971
181 1177
181 1400
181 770
182 403
182 589
182 870
182 1119
188 198
190 1319
191 595
192 242
192 478
192 932
192 256
193 693
193 1219
193 1248
193 1287
195 1272
196 510
196 566
196 829
196 973
196 1071
197 994
199 262
199 1011
200 212
200 516
200 869
200 955
200 1279
200 1401
200 317
202 315
205 341
205 386
205 452
205 949
205 1064
206 232
206 441
206 591
206 654
207 1234
212 897
213 226
213 336
213 936
213 1233
215 316
215 598
215 1184
217 959
217 1063
219 1004
219 617
219 554
220 691
220 711
221 394
222 565
222 1116
223 289
223 1092
225 331
225 460
225 774
225 948
225 498
225 873
226 685
226 709
226 611
227 696
228 937
228 1126
228 1369
229 255
230 1185
230 794
230 678
232 291
233 390
234 449
235 306
235 919
239 1315
240 1412
241 298
241 310
241 810
242 290
242 769
242 886
244 642
244 1014
244 376
245 946
248 1052
252 321
252 638
253 269
253 666
253 1343
253 736
254 1260
255 260
255 1289
256 826
256 1114
256 1191
257 786
257 555
257 865
258 1077
261 264
261 987
265 354
265 1283
266 816
268 318
268 717
269 556
269 575
269 1302
273 443
273 514
275 436
276 798
276 908
277 665
278 444
279 499
279 924
279 1091
279 1333
279 1369
279 651
283 311
284 765
284 533
286 596
286 1100
286 1133
287 628
289 607
292 936
293 773
293 787
294 469
294 506
297 593
297 911
301 1227
302 808
302 818
303 486
303 785
303 1008
306 590
308 570
308 1356
308 686
309 552
309 832
310 1069
310 1070
311 419
311 500
311 812
311 928
311 1139
312 558
314 385
314 777
315 661
317 1291
318 382
319 988
326 522
326 1066
328 658
329 1066
330 462
330 521
330 622
330 742
330 1033
330 1164
333 665
333 1074
334 868
334 1351
335 1094
337 737
338 752
339 993
340 1147
342 482
342 1387
343 578
344 642
347 1002
347 624
348 734
348 760
348 752
349 498
349 989
349 1026
350 512
350 531
350 1242
350 1376
350 1388
350 636
351 850
352 536
354 1111
354 1115
357 753
357 1292
358 365
359 669
359 1022
360 1099
361 614
361 735
361 701
362 708
362 1083
367 681
368 625
369 1409
371 1164
372 539
372 594
375 1019
376 527
377 1038
378 731
378 1040
380 727
380 900
381 651
383 1020
384 1030
386 1190
386 1391
389 741
389 788
390 695
390 1105
390 1262
391 624
392 795
392 1271
392 1310
394 866
394 918
394 1295
395 508
395 945
400 698
400 1029
400 674
401 492
401 715
401 987
401 1025
401 1032
401 1302
402 1154
404 537
404 846
405 1146
405 675
406 1357
407 660
407 1078
407 1208
408 1057
410 1361
410 814
411 1112
414 497
415 811
418 836
419 790
420 583
420 1228
421 1135
421 584
421 1085
422 1013
423 1090
424 603
426 854
428 1065
428 1224
428 735
431 433
431 1055
431 1276
432 440
432 567
435 958
435 852
438 584
439 1016
443 914
443 1096
444 776
446 1238
447 782
448 780
449 630
450 579
450 827
452 475
453 509
454 1363
455 532
456 859
456 1383
456 1367
457 1254
460 1128
464 1027
466 1418
467 931
470 1098
473 1325
474 1049
476 789
479 902
479 985
479 1393
481 583
481 1407
484 920
486 652
486 497
487 542
494 564
495 1380
496 908
496 1062
501 573
501 1011
502 597
502 1150
505 822
507 794
507 1194
509 1007
511 841
511 1217
516 653
519 587
520 588
521 867
525 1012
525 1201
526 1315
528 1023
531 796
533 1018
535 1305
535 1370
537 1149
537 1252
538 1118
539 884
539 1346
543 1134
545 1258
545 1277
546 1080
546 550
550 758
552 623
553 1373
554 1411
555 899
555 1216
555 1383
560 809
560 1187
560 1365
560 1382
561 602
561 847
563 807
565 1103
568 694
569 726
569 1409
569 687
570 960
573 615
576 635
581 668
581 1268
585 1380
585 635
587 632
587 997
600 824
603 1174
604 1121
604 1130
604 1183
605 867
613 616
613 1294
615 1073
616 1231
616 1344
616 1063
617 1074
623 1250
625 1003
626 639
628 847
630 1101
633 848
633 947
633 1089
636 638
639 751
641 1017
642 1093
643 927
643 1212
643 672
643 736
644 978
646 761
650 814
654 754
655 695
655 893
656 738
659 828
663 829
667 1375
670 982
671 1329
671 1346
672 1321
673 1243
674 941
676 1314
678 895
681 739
681 835
681 1249
681 1091
682 1052
684 1131
686 763
687 925
688 1141
689 1151
690 929
691 1153
691 1395
694 923
694 1195
694 1235
701 838
701 845
701 851
702 837
704 779
704 1075
707 1035
710 1178
711 1148
712 1182
713 749
714 860
716 1309
718 746
718 1000
718 1127
720 984
723 856
723 941
725 762
725 1051
725 1142
728 938
732 770
737 1056
740 972
741 797
742 1010
747 768
748 1047
748 1240
748 1116
749 875
750 802
753 899
753 1076
755 1236
759 881
760 894
766 784
766 1239
771 1129
771 1162
771 1382
772 1094
778 822
781 830
783 834
786 1107
789 1348
796 979
800 888
803 1318
805 980
809 1359
809 1394
815 872
817 910
817 1075
819 876
822 1015
822 961
826 1385
827 1048
830 839
834 1311
836 961
839 1175
839 1319
842 929
843 1043
852 904
855 1158
857 1378
857 1414
859 1105
860 1059
860 1229
864 1170
873 1109
875 1389
878 1317
883 934
899 957
900 1286
903 1221
906 1261
917 982
927 933
933 1312
945 1060
946 990
974 1082
974 1182
975 1005
977 1019
977 1077
987 1300
993 1202
994 1241
1007 1189
1009 1068
1011 1316
1012 1180
1021 1399
1023 1062
1024 1215
1024 1044
1025 1263
1028 1223
1031 1332
1036 1161
1046 1181
1046 1275
1058 1217
1060 1251
1060 1257
1060 1320
1068 1355
1072 1377
1079 1284
1079 1324
1081 1337
1082 1125
1082 1142
1088 1197
1090 1391
1098 1404
1102 1249
1105 1368
1108 1270
1109 1176
1118 1330
1123 1360
1126 1293
1134 1280
1134 1367
1139 1237
1149 1246
1159 1366
1160 1328
1192 1207
1198 1285
1201 1339
1209 1306
1209 1379
1212 1418
1230 1265
1267 1398
1274 1364
1282 1326
1289 1368
1308 1403
