1877 1878
1877 1880
1877 1879
1878 1881
1875 1876
1873 1874
1871 1872
1869 1870
1867 1868
1865 1866
1863 1864
1861 1862
1859 1860
1857 1858
1855 1856
1853 1854
1851 1852
1849 1850
1847 1848
1845 1846
1843 1844
1841 1842
1839 1840
1837 1838
1835 1836
1833 1834
1831 1832
1829 1830
1827 1828
1825 1826
1823 1824
1821 1822
1819 1820
1817 1818
1815 1816
1813 1814
1811 1812
1809 1810
1807 1808
1805 1806
1803 1804
1801 1802
1799 1800
1797 1798
1795 1796
1793 1794
1791 1792
1789 1790
1787 1788
1785 1786
1783 1784
1781 1782
1779 1780
1777 1778
1775 1776
1773 1774
1771 1772
1769 1770
1767 1768
1765 1766
1763 1764
1761 1762
1759 1760
1757 1758
1755 1756
1753 1754
1751 1752
1749 1750
1747 1748
1745 1746
1743 1744
1741 1742
1739 1740
1737 1738
1735 1736
1733 1734
1731 1732
1729 1730
1727 1728
1725 1726
1723 1724
1721 1722
1719 1720
1717 1718
1715 1716
1713 1714
1711 1712
1709 1710
1707 1708
1705 1706
1703 1704
1701 1702
1699 1700
1697 1698
1695 1696
1693 1694
1691 1692
1689 1690
1687 1688
1685 1686
1683 1684
1681 1682
1679 1680
1677 1678
1675 1676
1673 1674
1671 1672
1669 1670
1667 1668
1665 1666
1663 1664
1661 1662
1659 1660
1657 1658
1655 1656
1653 1654
1651 1652
1649 1650
1647 1648
1645 1646
1643 1644
1641 1642
1639 1640
1637 1638
1635 1636
1633 1634
1631 1632
1629 1630
1627 1628
1625 1626
1623 1624
1621 1622
1619 1620
1617 1618
1615 1616
1613 1614
1611 1612
1609 1610
1607 1608
1605 1606
1603 1604
1601 1602
1599 1600
1597 1598
1595 1596
1593 1594
1591 1592
1589 1590
1587 1588
1585 1586
1583 1584
1581 1582
1579 1580
1577 1578
1575 1576
1572 1573
1572 1574
1566 1568
1566 1569
1566 1567
1567 1570
1570 1571
1564 1565
1563 1562
1561 1563
1561 1562
1544 1553
1544 1547
1544 1556
1545 1555
1545 1560
1546 1550
1546 1547
1546 1554
1547 1549
1548 1558
1548 1551
1548 1549
1548 1552
1550 1559
1553 1557
1559 1560
1538 1543
1538 1539
1538 1540
1539 1541
1541 1542
1527 1529
1527 1533
1527 1528
1528 1530
1530 1534
1531 1534
1531 1532
1532 1537
1533 1535
1536 1537
1513 1519
1513 1526
1513 1514
1515 1526
1515 1522
1515 1517
1515 1525
1515 1521
1515 1524
1516 1517
1517 1520
1517 1518
1522 1523
1512 1506
1504 1512
1504 1506
1504 1505
1504 1509
1507 1512
1507 1510
1508 1511
1509 1511
1388 1396
1388 1416
1388 1392
1388 1389
1388 1476
1388 1395
1395 1476
1476 1389
1389 1392
1392 1416
1416 1396
1396 1395
1395 1389
1400 1497
1400 1403
1457 1466
1463 1401
1389 1400
1389 1497
1389 1403
1389 1457
1389 1466
1389 1463
1389 1401
1389 1394
1390 1436
1390 1430
1390 1468
1390 1431
1390 1467
1390 1441
1390 1458
1390 1435
1390 1398
1390 1447
1390 1424
1390 1405
1390 1397
1390 1392
1390 1456
1391 1502
1391 1416
1391 1433
1391 1438
1392 1405
1392 1450
1392 1432
1393 1439
1393 1454
1393 1499
1393 1465
1393 1421
1393 1471
1393 1493
1393 1452
1395 1399
1395 1427
1395 1422
1395 1491
1395 1440
1395 1404
1396 1481
1397 1480
1398 1460
1398 1489
1398 1448
1398 1411
1398 1423
1398 1407
1398 1414
1398 1503
1400 1479
1401 1434
1402 1488
1402 1461
1402 1482
1402 1409
1402 1472
1402 1462
1402 1410
1403 1464
1405 1417
1405 1455
1405 1493
1406 1463
1408 1477
1408 1421
1410 1444
1412 1469
1412 1481
1413 1422
1413 1483
1413 1451
1415 1474
1418 1445
1418 1426
1419 1452
1419 1473
1420 1461
1421 1444
1421 1453
1421 1495
1424 1474
1425 1485
1426 1484
1427 1437
1427 1494
1427 1446
1428 1457
1428 1429
1429 1442
1439 1486
1441 1485
1443 1484
1444 1490
1445 1469
1446 1459
1449 1476
1452 1470
1453 1496
1459 1478
1459 1498
1470 1475
1476 1501
1487 1490
1489 1492
1498 1500
1375 1379
1375 1377
1376 1384
1378 1379
1378 1380
1378 1382
1378 1381
1379 1387
1379 1384
1379 1383
1382 1385
1382 1386
1373 1374
1274 1299
1274 1330
1274 1328
1274 1324
1274 1314
1274 1275
1274 1358
1274 1301
1274 1331
1274 1289
1274 1304
1274 1319
1275 1280
1275 1318
1275 1290
1275 1304
1275 1323
1275 1351
1275 1306
1275 1327
1275 1277
1275 1366
1275 1284
1275 1317
1275 1365
1276 1295
1277 1293
1277 1287
1277 1281
1277 1312
1277 1292
1277 1282
1277 1278
1278 1364
1278 1369
1278 1359
1278 1294
1279 1345
1279 1371
1279 1370
1279 1350
1279 1291
1279 1295
1279 1338
1279 1346
1279 1297
1279 1309
1280 1310
1280 1296
1280 1339
1281 1321
1281 1363
1281 1372
1281 1313
1281 1311
1281 1285
1282 1332
1282 1334
1282 1288
1283 1342
1283 1329
1283 1313
1286 1310
1288 1315
1288 1349
1290 1300
1291 1353
1291 1298
1292 1355
1293 1322
1295 1324
1295 1343
1299 1360
1302 1333
1302 1314
1303 1307
1303 1320
1303 1321
1304 1356
1305 1319
1306 1348
1307 1335
1308 1325
1309 1354
1310 1316
1310 1368
1317 1340
1321 1326
1325 1336
1325 1350
1328 1362
1331 1341
1334 1337
1342 1367
1343 1361
1344 1368
1347 1355
1351 1352
1357 1363
1042 1138
1042 1082
1042 1222
1042 1200
1042 1045
1042 1107
1043 1228
1043 1269
1043 1095
1044 1110
1044 1057
1044 1127
1044 1135
1044 1058
1044 1169
1044 1084
1044 1154
1044 1124
1044 1262
1044 1183
1044 1116
1044 1080
1044 1242
1044 1231
1044 1125
1044 1186
1044 1140
1044 1238
1044 1062
1044 1083
1044 1206
1044 1147
1044 1202
1045 1068
1045 1212
1045 1155
1045 1223
1045 1168
1045 1170
1045 1197
1045 1128
1045 1130
1045 1133
1045 1158
1045 1094
1045 1225
1045 1273
1046 1152
1046 1211
1046 1091
1046 1078
1046 1051
1046 1052
1046 1189
1047 1164
1047 1167
1047 1132
1047 1081
1047 1060
1047 1270
1047 1182
1048 1109
1048 1087
1048 1065
1049 1177
1050 1064
1050 1165
1050 1092
1050 1233
1050 1060
1052 1161
1052 1115
1052 1260
1052 1257
1052 1086
1052 1149
1052 1205
1052 1118
1053 1159
1053 1073
1053 1239
1053 1085
1053 1177
1054 1126
1055 1161
1055 1144
1056 1088
1056 1162
1056 1160
1056 1101
1056 1201
1057 1217
1057 1264
1058 1120
1059 1250
1059 1103
1060 1241
1060 1067
1060 1189
1060 1073
1060 1146
1060 1074
1061 1202
1061 1063
1061 1237
1062 1171
1062 1077
1062 1079
1063 1141
1064 1243
1064 1108
1065 1145
1065 1086
1065 1184
1066 1165
1066 1247
1069 1208
1070 1158
1070 1207
1071 1173
1071 1214
1071 1075
1072 1213
1073 1271
1073 1191
1073 1215
1073 1076
1073 1245
1075 1196
1077 1199
1080 1121
1080 1172
1080 1236
1080 1111
1082 1100
1082 1123
1083 1198
1083 1230
1083 1218
1084 1089
1086 1095
1086 1090
1087 1093
1087 1210
1088 1118
1089 1174
1089 1256
1089 1258
1090 1196
1091 1098
1095 1148
1095 1106
1096 1112
1097 1166
1097 1152
1097 1142
1099 1146
1099 1151
1102 1178
1103 1216
1104 1115
1105 1119
1105 1191
1105 1246
1106 1249
1106 1188
1106 1156
1108 1194
1109 1193
1112 1252
1112 1113
1112 1212
1113 1153
1113 1250
1114 1120
1114 1220
1115 1195
1115 1150
1115 1203
1117 1144
1118 1157
1120 1187
1122 1123
1124 1155
1124 1178
1124 1175
1126 1221
1126 1268
1126 1136
1126 1209
1126 1237
1129 1151
1129 1137
1131 1134
1131 1240
1131 1252
1131 1176
1132 1232
1134 1143
1135 1213
1136 1261
1139 1271
1139 1235
1143 1163
1153 1265
1153 1226
1157 1263
1158 1204
1159 1254
1160 1179
1161 1185
1163 1227
1165 1251
1165 1231
1167 1180
1171 1266
1171 1181
1175 1219
1178 1253
1188 1272
1190 1253
1191 1229
1192 1194
1208 1221
1211 1267
1212 1255
1224 1268
1234 1260
1234 1244
1244 1259
1248 1262
772 839
772 953
772 994
772 842
772 899
772 824
772 877
772 822
772 820
772 810
772 807
772 802
772 794
772 950
773 869
773 783
773 843
773 969
773 781
774 831
774 812
774 906
774 797
774 780
774 1022
774 878
774 866
774 927
774 949
774 893
774 829
775 846
775 786
775 937
775 821
775 916
775 1010
775 782
775 780
776 917
776 777
776 817
776 996
776 813
776 958
776 1033
777 924
777 986
777 785
777 791
777 887
778 805
778 865
778 803
779 983
779 802
780 1030
781 1039
781 850
781 1002
782 799
782 935
782 896
782 808
782 978
782 789
783 907
783 794
783 795
783 897
783 894
783 861
784 793
784 857
784 882
784 928
785 891
785 923
786 1037
787 796
787 959
787 806
787 931
787 998
788 790
788 809
789 818
789 867
789 814
789 864
789 951
790 1004
790 793
791 845
792 798
793 875
793 919
793 838
794 798
794 832
794 1020
796 966
796 984
796 908
798 860
798 997
798 989
799 819
799 905
799 890
799 815
800 804
800 937
800 946
800 959
800 816
800 1034
800 962
801 837
802 1008
802 920
803 841
803 1018
803 827
803 823
804 967
804 859
804 900
805 849
805 988
806 940
806 901
809 945
810 848
810 856
810 1041
811 1032
813 1015
814 1006
814 886
815 964
816 990
817 909
817 974
817 948
817 824
817 895
817 961
818 888
819 929
820 1027
821 892
821 828
823 992
823 894
824 976
824 956
825 1006
826 859
826 903
826 885
826 833
828 898
828 938
828 957
829 883
830 845
831 844
832 972
832 1007
834 968
834 880
834 918
834 1033
835 1041
836 985
836 858
837 938
840 851
840 921
840 863
841 933
844 1029
844 981
844 902
845 980
845 936
845 904
847 858
850 870
851 1016
851 1014
851 862
852 857
852 987
852 941
853 944
854 930
854 916
855 864
857 936
858 884
858 957
858 979
858 1009
859 965
860 977
860 922
861 1025
862 868
862 952
866 876
867 881
868 939
871 872
871 890
871 1019
871 999
871 873
871 914
874 971
877 1005
879 996
879 954
879 1040
885 943
885 911
885 915
887 1028
889 897
894 910
896 986
897 942
901 912
902 926
904 960
904 1017
910 971
910 913
918 1035
919 944
920 955
921 922
925 970
925 947
925 1023
927 975
927 963
930 1026
930 995
932 990
932 1012
934 1000
934 1001
934 984
935 991
937 970
940 1011
946 982
956 1024
964 973
988 1031
993 1036
993 1025
1001 1013
1003 1015
1021 1022
1022 1038
1032 1039
0 91
0 401
0 230
0 506
0 761
0 70
0 409
0 79
0 9
0 95
0 418
0 218
0 204
0 522
0 232
0 313
0 379
0 492
0 76
0 305
0 547
0 359
0 469
1 117
1 120
1 734
1 531
2 358
2 575
2 293
2 130
2 535
2 508
2 413
2 113
2 320
2 38
3 262
3 579
3 454
3 153
3 680
3 449
3 596
3 563
3 7
3 162
3 211
3 364
3 116
3 171
3 250
3 416
3 521
3 684
3 19
3 104
3 105
3 295
3 106
3 622
3 246
3 572
3 96
3 111
3 31
3 194
3 35
3 394
3 421
3 340
3 648
3 16
3 69
3 620
3 447
3 87
3 199
3 74
3 611
3 511
3 122
3 670
3 686
3 640
3 695
3 425
3 58
3 33
3 200
3 97
3 40
4 438
4 20
4 6
4 499
4 744
4 37
4 304
4 337
4 561
4 109
5 313
5 343
5 341
6 253
6 719
6 771
6 84
7 408
7 28
7 11
7 617
7 16
7 13
7 446
7 322
8 486
8 59
8 301
8 254
8 371
8 583
8 712
8 472
8 179
8 214
8 598
8 201
8 653
8 50
8 165
8 157
8 758
8 613
8 195
8 9
8 668
8 454
8 108
8 493
8 642
9 80
9 47
9 34
10 85
10 733
10 461
10 637
10 67
10 297
10 259
11 516
11 26
11 714
11 129
11 142
11 264
11 737
11 442
11 595
11 567
11 466
12 285
12 225
12 534
12 504
12 286
14 708
14 77
15 61
15 672
15 643
15 118
15 420
15 221
15 238
15 679
15 46
15 272
15 423
15 431
15 514
15 148
16 402
16 709
16 133
17 196
17 716
17 753
17 678
17 602
17 178
18 23
18 450
18 342
18 188
18 688
19 444
20 49
20 64
20 378
20 143
21 510
21 576
21 197
21 262
22 146
22 53
22 607
22 693
22 362
23 229
23 181
23 107
23 662
24 369
24 445
24 213
24 267
25 389
25 242
25 426
25 48
26 574
27 259
27 332
27 168
27 676
27 130
29 213
29 377
29 124
29 410
29 288
30 36
30 54
30 591
30 110
32 547
33 277
33 274
33 308
34 287
34 226
34 68
34 141
35 692
35 144
35 235
36 38
36 208
36 44
36 654
36 154
36 174
37 165
37 280
37 557
38 539
39 592
39 136
39 681
39 138
39 150
39 412
39 721
40 65
40 135
40 291
40 701
40 219
40 234
40 634
40 363
40 69
40 63
40 502
40 339
40 448
41 627
41 335
41 51
42 96
43 99
43 711
43 198
43 354
45 336
45 184
45 568
45 452
45 462
45 578
48 285
48 56
49 251
51 717
51 119
52 376
52 131
53 670
54 73
54 98
54 186
54 131
54 185
54 247
54 121
54 626
55 277
56 704
56 134
57 126
57 723
57 555
57 347
57 533
57 698
57 74
57 151
57 210
60 353
60 86
60 559
60 373
60 675
60 159
60 228
60 746
60 234
60 102
60 554
61 62
61 82
61 256
62 266
62 597
63 328
63 314
63 273
63 600
63 685
63 671
63 284
64 756
66 599
66 331
68 577
68 564
68 720
68 439
69 152
69 646
69 741
70 202
71 395
72 546
72 278
73 464
73 123
73 491
74 249
74 325
74 127
74 495
75 125
77 94
77 158
77 125
77 624
78 103
78 110
79 335
79 570
79 569
81 484
81 606
81 734
81 542
82 651
83 548
83 240
83 621
85 657
85 545
88 363
88 182
88 465
89 515
90 315
90 187
90 349
90 173
91 299
92 298
92 308
92 99
92 355
92 500
92 227
93 239
93 389
94 530
94 195
95 528
96 589
96 604
96 770
96 543
96 513
96 128
99 115
99 456
100 753
100 544
100 594
101 378
101 501
102 163
102 614
102 271
102 289
103 498
104 739
104 664
104 496
104 422
105 727
105 718
106 722
107 430
107 424
107 324
107 605
107 404
107 400
110 665
112 197
113 375
113 385
113 436
113 217
114 231
114 524
115 236
117 483
117 609
117 440
118 169
118 429
118 470
118 374
118 387
119 518
119 177
120 396
120 700
120 261
120 241
120 541
121 537
121 587
122 223
123 233
123 552
124 763
126 216
128 475
129 706
129 682
129 330
130 616
130 132
132 565
132 180
133 192
135 155
135 623
135 388
135 694
135 317
135 329
135 549
137 653
137 282
137 265
137 268
137 689
138 690
138 172
139 443
139 267
139 312
139 580
140 271
141 747
141 156
145 354
145 732
146 473
147 493
148 218
148 290
149 346
150 532
151 659
152 477
154 372
155 512
156 485
158 638
158 479
158 406
160 278
160 261
160 183
160 316
160 209
161 368
161 459
162 760
164 183
164 764
166 294
166 390
167 423
167 395
169 175
169 467
169 645
170 351
170 632
170 176
172 457
172 191
172 428
173 553
176 619
178 222
178 316
182 536
186 252
188 710
189 412
189 427
189 270
189 220
190 384
190 306
192 303
193 455
193 487
193 309
193 459
193 307
193 203
194 639
195 383
196 608
197 581
200 519
203 633
203 351
204 206
205 221
207 629
207 284
207 529
208 405
208 728
209 310
210 726
210 326
212 399
212 503
212 361
215 327
215 346
218 631
222 686
224 576
227 488
229 293
230 628
233 507
237 679
237 584
237 571
237 509
237 494
239 260
241 738
242 526
242 323
242 255
243 744
244 429
245 404
245 588
248 519
251 524
253 621
256 381
257 334
258 757
258 433
263 764
263 520
263 562
267 691
267 334
269 409
273 480
273 540
274 612
274 478
275 362
275 302
276 434
277 296
277 321
277 451
277 593
279 367
281 667
281 730
281 310
283 388
283 411
285 641
286 521
286 748
289 300
290 437
291 415
292 338
300 663
300 525
302 434
302 610
303 357
304 580
311 472
312 361
314 517
316 603
317 386
318 741
319 603
319 333
320 599
324 490
324 345
326 398
338 703
339 365
340 647
341 644
342 348
342 366
342 384
342 352
344 489
344 620
345 743
346 673
348 553
350 607
351 414
351 767
356 371
358 460
358 425
358 462
358 649
358 630
359 476
360 382
360 471
360 543
363 432
363 765
363 585
366 755
367 749
367 560
370 445
372 551
376 666
376 750
380 528
382 481
382 556
382 769
387 735
388 766
388 558
388 696
388 601
388 762
390 486
391 713
391 439
392 765
393 397
394 407
394 474
395 768
397 495
399 482
401 660
403 631
404 751
405 435
410 625
417 491
419 581
420 655
421 463
422 441
422 729
422 754
423 566
425 745
429 505
437 740
437 725
440 523
452 703
452 497
453 648
458 538
458 636
462 635
468 490
471 687
482 749
497 527
498 550
515 654
516 650
527 573
535 586
535 582
541 699
555 757
558 731
563 673
567 615
569 658
574 752
575 652
590 715
590 656
590 634
597 661
602 736
613 674
618 705
618 759
632 722
634 724
636 700
643 707
649 683
653 742
658 697
669 688
677 694
681 767
702 707
705 718
